## Point num =4 
    1. Point-line accurate rotating angle
        1) [1,2,4,3]
            [[ 1.19737540e-01 , 6.56848444e-01 ,-7.44454863e-01 , 2.50852130e+01],
            [ 7.99544212e-01 , 3.80724249e-01 , 4.64519214e-01, -2.87290755e+01],
            [ 5.88550741e-01, -6.50844965e-01, -4.79592386e-01,  1.72704646e+02],
            [ 0.00000000e+00  ,0.00000000e+00 , 0.00000000e+00  ,1.00000000e+00]]
            TRE = 2.53
            Tracking Error = 2.72
        2) [0,4,3,8]
           [[-7.99117123e-02 , 8.01306286e-01 , 5.92893206e-01 ,-4.25143579e+01],
            [ 9.86018098e-01, -2.37101488e-02 , 1.64942834e-01, -1.09788660e+01],
            [ 1.46227316e-01 , 5.97784296e-01, -7.88207782e-01,  2.01894406e+02],
            [ 0.00000000e+00,  0.00000000e+00,  0.00000000e+00  ,1.00000000e+00]]
            TRE = 2.46
            Tracking Error = 2.65
        3) [0,8,9,6]  # large range 4 distribution
           [[ 3.40553726e-02,  9.71343872e-01 ,-2.35226092e-01 ,-1.77824792e+00],
            [ 9.87941494e-01, -6.82873652e-02, -1.38954815e-01 , 4.99921438e+00],
            [-1.51035878e-01, -2.27657459e-01 ,-9.61956467e-01 , 2.09364207e+02],
            [ 0.00000000e+00 , 0.00000000e+00 , 0.00000000e+00,  1.00000000e+00]] 
            TRE = 1.079
            Tracking Error = 1.145
## Point num =5
    1. [4,3,0,8,9]
        1) Point-line accurate 
            TRE, Trakcing Error = 1.2224336739686206 1.6807473338967485 1.2726079375699435 1.8260316341173488
        2) Arc-line Noisy
            [[ 7.54434037e-02,  8.54712241e-01,  5.13590574e-01 ,-3.92733919e+01],
            [ 9.78587820e-01 ,-1.62381088e-01 , 1.26484228e-01, -8.47347222e+00],
            [ 1.91505014e-01,  4.93051080e-01, -8.48661571e-01 , 2.05229985e+02],
            [ 0.00000000e+00 , 0.00000000e+00 , 0.00000000e+00,  1.00000000e+00]]
            TRE, Tracking Error = 1.3764101722432576 0.974749932039874 1.4622905592924558 1.0642022361863441
        3) Point-line Noisy
            TRE, Tracking Error = 2.1105489425015342 2.213467521932545 2.2640133453988662 2.3813785079267653
    2. [1,5,3,8,7]

        1) Arc-line  inaccurate
            [[ 2.31975312e-01  9.41073665e-01 -2.46105285e-01 -2.20024736e+00]
            [ 9.61852237e-01 -1.84202817e-01  2.02261208e-01 -1.34387485e+01]
            [ 1.45009410e-01 -2.83636525e-01 -9.47904316e-01  2.06112641e+02]
            [ 0.00000000e+00  0.00000000e+00  0.00000000e+00  1.00000000e+00]]
            1.36 0.67 1.41 0.78
            1.47  1.03  1.57 1.12

    3. [3,0,5,6,7]
        1) Arc-line inaccurate
            1.51 0.64 1.62 0.71
        2) point-line inaccurate
           2.25 1.25  2.43 1.38
        3) point-line accurate
           1.12 0.30  1.19 0.34
    3. [1,0,9,6,8]
        1) Arc-line inaccurate
            1.30 0.41 1.39 0.48
        2) point-line inaccurate
           2.03 2.19  2.16 2.38
        3) point-line accurate
           1.08 0.40  1.14 0.45
           

##### fitting set 1
