## Point num =4 
    1. Point-line accurate rotating angle
        1) [1,2,4,3]
            [[ 1.19737540e-01 , 6.56848444e-01 ,-7.44454863e-01 , 2.50852130e+01],
            [ 7.99544212e-01 , 3.80724249e-01 , 4.64519214e-01, -2.87290755e+01],
            [ 5.88550741e-01, -6.50844965e-01, -4.79592386e-01,  1.72704646e+02],
            [ 0.00000000e+00  ,0.00000000e+00 , 0.00000000e+00  ,1.00000000e+00]]
            TRE = 2.53
            Tracking Error = 2.72
        2) [0,4,3,8]
           [[-7.99117123e-02 , 8.01306286e-01 , 5.92893206e-01 ,-4.25143579e+01],
            [ 9.86018098e-01, -2.37101488e-02 , 1.64942834e-01, -1.09788660e+01],
            [ 1.46227316e-01 , 5.97784296e-01, -7.88207782e-01,  2.01894406e+02],
            [ 0.00000000e+00,  0.00000000e+00,  0.00000000e+00  ,1.00000000e+00]]
            TRE = 2.46
            Tracking Error = 2.65
        3) [0,8,9,6]  # large range 4 distribution
           [[ 3.40553726e-02,  9.71343872e-01 ,-2.35226092e-01 ,-1.77824792e+00],
            [ 9.87941494e-01, -6.82873652e-02, -1.38954815e-01 , 4.99921438e+00],
            [-1.51035878e-01, -2.27657459e-01 ,-9.61956467e-01 , 2.09364207e+02],
            [ 0.00000000e+00 , 0.00000000e+00 , 0.00000000e+00,  1.00000000e+00]] 
            TRE = 1.079
            Tracking Error = 1.145
## Point num =5
    1. [4,3,0,8,9]
        1) Point-line accurate 
            TRE, Trakcing Error = 1.2224336739686206 1.6807473338967485 1.2726079375699435 1.8260316341173488
        2) Arc-line Noisy
            [[ 7.54434037e-02,  8.54712241e-01,  5.13590574e-01 ,-3.92733919e+01],
            [ 9.78587820e-01 ,-1.62381088e-01 , 1.26484228e-01, -8.47347222e+00],
            [ 1.91505014e-01,  4.93051080e-01, -8.48661571e-01 , 2.05229985e+02],
            [ 0.00000000e+00 , 0.00000000e+00 , 0.00000000e+00,  1.00000000e+00]]
            TRE, Tracking Error = 1.3764101722432576 0.974749932039874 1.4622905592924558 1.0642022361863441
        3) Point-line Noisy
            TRE, Tracking Error = 2.1105489425015342 2.213467521932545 2.2640133453988662 2.3813785079267653
    2. [1,5,3,8,7]

        1) Arc-line  inaccurate
            [[ 2.31975312e-01  9.41073665e-01 -2.46105285e-01 -2.20024736e+00]
            [ 9.61852237e-01 -1.84202817e-01  2.02261208e-01 -1.34387485e+01]
            [ 1.45009410e-01 -2.83636525e-01 -9.47904316e-01  2.06112641e+02]
            [ 0.00000000e+00  0.00000000e+00  0.00000000e+00  1.00000000e+00]]
            1.36 0.67 1.41 0.78
            1.47  1.03  1.57 1.12

    3. [3,0,5,6,7]
        1) Arc-line inaccurate
            1.51 0.64 1.62 0.71
        2) point-line inaccurate
           2.25 1.25  2.43 1.38
        3) point-line accurate
           1.12 0.30  1.19 0.34
    4. [1,0,9,6,8]
        1) Arc-line inaccurate
            1.30 0.41 1.39 0.48
        2) point-line inaccurate
           2.03 2.19  2.16 2.38
        3) point-line accurate
           1.08 0.40  1.14 0.45
           

######################## point num = 4
    ## fitting set 1
    [[-2.47312009e-01  8.35892204e-01 -4.90021421e-01  2.86242743e+01]
    [ 5.90021041e-01  5.31074657e-01  6.08140510e-01 -6.60492551e+01]
    [ 7.68577869e-01 -1.38722498e-01 -6.24535129e-01  1.93219021e+02]
    [ 0.00000000e+00  0.00000000e+00  0.00000000e+00  1.00000000e+00]]

    [[ 3.62554306e-02  3.52287081e-01  9.35189476e-01 -6.27414347e+01]
    [ 1.43808916e-03 -9.35822138e-01  3.52469654e-01 -2.71042517e+01]
    [ 9.99341521e-01 -1.14340532e-02 -3.44352548e-02  1.19003777e+02]
    [ 0.00000000e+00  0.00000000e+00  0.00000000e+00  1.00000000e+00]]

    [[-3.44378244e-01  7.89882058e-01  5.07434685e-01 -2.76470567e+01]
    [ 9.37953998e-01  2.66114113e-01  2.22318636e-01 -4.38300599e+01]
    [ 4.05699702e-02  5.52512093e-01 -8.32516945e-01  2.11837370e+02]
    [ 0.00000000e+00  0.00000000e+00  0.00000000e+00  1.00000000e+00]]

    ## fitting set 2


    [[ 2.73599101e-02  8.08109384e-01 -5.88396685e-01  1.55575375e+01]
    [ 9.99617782e-01 -2.44530033e-02  1.28973385e-02 -3.92121885e+00]
    [-3.96560584e-03 -5.88524659e-01 -8.08469542e-01  1.96040675e+02]
    [ 0.00000000e+00  0.00000000e+00  0.00000000e+00  1.00000000e+00]]

    [[ 3.22628534e-02  9.09362175e-01 -4.14752387e-01  6.45350936e+00]
    [ 9.98508215e-01 -4.76144949e-02 -2.67246116e-02 -1.74735779e+00]
    [-4.40505763e-02 -4.13271453e-01 -9.09541782e-01  2.00840611e+02]
    [ 0.00000000e+00  0.00000000e+00  0.00000000e+00  1.00000000e+00]]

    [[ 2.00709149e-01,  7.99321641e-01, -5.66392754e-01,  1.75775163e+01],
    [ 8.93136293e-01,  8.82534700e-02,  4.41042954e-01, -2.78789445e+01],
    [ 4.02521304e-01, -5.94387281e-01, -6.96189889e-01 , 1.95711963e+02],
    [ 0.00000000e+00  ,0.00000000e+00 , 0.00000000e+00  ,1.00000000e+00]]

#################### point num = 5
    ## fitting set 1: [7, 8, 2, 5, 3]
    F0:
    [[-0.47042893278918546 ,0.8823185696409823 ,0.014510715403413005 ,1.2674494195033774],   
    [0.8650646412073626 ,0.4578579698177226 ,0.20501035585347982 ,-44.92153490837795],        
    [0.17424059724302168 ,0.1089955097289993 ,-0.9786522329874441 ,222.68974775456428],       
    F1:
    [[-0.4626933472214164 ,0.8351755497461869 ,-0.29731577076098026 ,19.337550028754308],    
    [0.8842337914923025 ,0.4588347945572888 ,-0.08718505196831414 ,-26.269706291921672],      
    [0.0636039968884697 ,-0.3032365947733303 ,-0.9507902498291018 ,217.7672787542449],        
    [0.0 ,0.0 ,0.0 ,1.0]]
    F2:
    [[-0.46212007602526783 ,0.732195398577506 ,0.5003348215308709 ,-28.392956316637168],     
    [0.8606875064904249 ,0.5062516068931774 ,0.054095532989062944 ,-35.38321178242529],       
    [-0.213686807046425 ,0.4556305617712701 ,-0.8641404629308256 ,216.75537937983415],        
    [0.0 ,0.0 ,0.0 ,1.0]]

    ## fitting set 1

#################### point num = 7
    ## fitting set 1
    [8, 1, 0, 3, 10, 2, 5]
        Freg0 = np.array([[-0.5167732965972637 ,0.8244474835294477 ,0.23071997491755752 ,-11.987026103085345],
    [0.8552177288058564 ,0.48474284924221644 ,0.18337667911893965 ,-44.704068219077215],
    [0.0393445836189672 ,0.29207998392649065 ,-0.9555842645886088 ,221.00622328226189],
    [0.0 ,0.0 ,0.0 ,1.0]])
        Freg1 = np.array(   [[-0.3384257644297265 ,0.7419356248439816 ,-0.5787914396028389 ,35.98834793623637],
    [0.8502885172586966 ,0.5045932159462422 ,0.14965000447389423 ,-41.50858269006982],
    [0.40308490344859504 ,-0.44149429782093463 ,-0.8016266871826545 ,206.13044688025727],
    [0.0 ,0.0 ,0.0 ,1.0]])
        Freg2 = np.array(  [[-0.4437262652559686 ,0.7706866883859901 ,0.45732814243891295 ,-25.706501996341697],
    [0.886490684753159 ,0.30270781752465636 ,0.3500032043500962 ,-56.07627982430613],
    [0.13130600659477185 ,0.5607227528414516 ,-0.8175259794514419 ,215.36983890358533],
    [0.0 ,0.0 ,0.0 ,1.0]])

##### point num = 9
    Freg0 = np.array( [[-0.5175812972379126 ,0.8291419595294812 ,0.2112657371585178 ,-11.14075529152883],
[0.8492002958673407 ,0.4675624749951015 ,0.24544691783617104 ,-48.42807253934174],
[0.10473040746765325 ,0.3064456606383379 ,-0.9461091896961957 ,221.09664503840764],
[0.0 ,0.0 ,0.0 ,1.0]])
    Freg1 = np.array(  [[-0.4404816016813261 ,0.7243353318532654 ,-0.5303906914806055 ,33.607337861005014],
[0.7761248024193029 ,0.6041798540026747 ,0.18054637932372103 ,-41.354174181709496],
[0.4512274921254829 ,-0.33212201228814536 ,-0.8283047261146237 ,207.21957006941054],
[0.0 ,0.0 ,0.0 ,1.0]])
    Freg2 = np.array(  [[-0.5103415590561764 ,0.7816282116492514 ,0.35862073539340167 ,-19.040580349857297],
[0.8160922956699854 ,0.308676475640895 ,0.48858182358128005 ,-64.21108203343667],
[0.27119155231718484 ,0.5420112287950397 ,-0.7954111954278031 ,215.2637348640761],
[0.0 ,0.0 ,0.0 ,1.0]])